1 0.109827 0.136939 0.032370 0.018412
1 0.108671 0.218067 0.020809 0.019563
1 0.118497 0.300921 0.031214 0.021864
1 0.113295 0.384925 0.025434 0.019563
1 0.222543 0.134638 0.019653 0.016110
1 0.220231 0.221519 0.015029 0.014960
1 0.220809 0.298619 0.023121 0.019563
1 0.218497 0.382624 0.020809 0.019563
1 0.107514 0.469505 0.027746 0.023015
1 0.107514 0.551208 0.030058 0.023015
1 0.220231 0.470081 0.019653 0.017261
1 0.220809 0.551208 0.018497 0.016110
1 0.104046 0.634638 0.027746 0.021864
1 0.217919 0.632336 0.017341 0.012658
1 0.220809 0.716916 0.018497 0.016110
1 0.105202 0.802071 0.027746 0.018412
1 0.216763 0.801496 0.021965 0.012658
1 0.216763 0.884925 0.024277 0.018412
1 0.106358 0.884350 0.030058 0.021864
1 0.761272 0.133487 0.021965 0.016110
1 0.873410 0.135788 0.024277 0.023015
1 0.751445 0.212313 0.020809 0.017261
1 0.861272 0.215190 0.023121 0.018412
1 0.759538 0.296318 0.018497 0.014960
1 0.871676 0.296893 0.032370 0.023015
1 0.873988 0.383199 0.023121 0.023015
1 0.763006 0.384925 0.018497 0.014960
1 0.763584 0.467779 0.021965 0.017261
1 0.873988 0.463751 0.023121 0.018412
1 0.766474 0.551208 0.020809 0.020713
1 0.876301 0.550633 0.025434 0.021864
1 0.876879 0.632911 0.026590 0.020713
1 0.768208 0.632336 0.019653 0.021864
1 0.761850 0.716916 0.018497 0.018412
1 0.873410 0.714614 0.021965 0.023015
1 0.872832 0.799194 0.023121 0.021864
1 0.757803 0.798619 0.021965 0.020713
1 0.758382 0.880898 0.018497 0.017261
1 0.870520 0.882048 0.023121 0.021864
