1 0.129332 0.321306 0.018597 0.054983
1 0.204565 0.318729 0.018597 0.056701
1 0.280642 0.307560 0.018597 0.048110
1 0.359256 0.305842 0.018597 0.044674
1 0.434489 0.298969 0.021978 0.051546
1 0.131868 0.536082 0.013525 0.030928
1 0.207101 0.531787 0.013525 0.039519
1 0.281065 0.518900 0.016061 0.044674
1 0.357143 0.518900 0.016061 0.044674
1 0.434489 0.515464 0.016906 0.044674
1 0.609890 0.320447 0.021133 0.053265
1 0.688081 0.312715 0.025359 0.065292
1 0.762468 0.299828 0.020287 0.070447
1 0.840659 0.301546 0.021133 0.060137
1 0.917582 0.286942 0.022823 0.061856
1 0.915892 0.504296 0.017751 0.053265
1 0.838969 0.512887 0.019442 0.049828
1 0.763314 0.516323 0.018597 0.049828
1 0.686391 0.532646 0.016906 0.044674
1 0.610735 0.533505 0.019442 0.046392
