1 0.306818 0.309809 0.022727 0.014354
1 0.530682 0.304426 0.052273 0.017943
1 0.750000 0.307416 0.054545 0.019139
1 0.543182 0.395933 0.054545 0.021531
1 0.759091 0.394139 0.059091 0.022727
1 0.315909 0.396531 0.027273 0.010766
1 0.326136 0.483254 0.020455 0.009569
1 0.546591 0.482057 0.043182 0.016746
1 0.764773 0.479665 0.061364 0.021531
1 0.769318 0.565789 0.065909 0.026316
1 0.546591 0.565789 0.056818 0.021531
1 0.329545 0.569378 0.022727 0.009569
1 0.769318 0.651914 0.065909 0.026316
1 0.551136 0.654904 0.052273 0.020335
1 0.330682 0.656699 0.020455 0.007177
1 0.321591 0.742823 0.025000 0.009569
1 0.543182 0.739833 0.054545 0.020335
1 0.755682 0.739833 0.061364 0.025120
1 0.331818 0.829545 0.018182 0.008373
1 0.552273 0.827153 0.050000 0.017943
1 0.769318 0.824761 0.061364 0.022727
1 0.770455 0.912679 0.063636 0.028708
1 0.554545 0.916268 0.054545 0.019139
1 0.332955 0.914474 0.025000 0.013158
