1 0.536026 0.328917 0.037118 0.017281
1 0.753275 0.324309 0.048035 0.021889
1 0.548035 0.411866 0.039301 0.014977
1 0.757642 0.408986 0.052402 0.018433
1 0.553493 0.493088 0.041485 0.018433
1 0.765284 0.493664 0.054585 0.017281
1 0.554585 0.577189 0.052402 0.018433
1 0.764192 0.576037 0.043668 0.018433
1 0.561135 0.661290 0.048035 0.013825
1 0.772926 0.661290 0.061135 0.020737
1 0.568777 0.744816 0.041485 0.014977
1 0.779476 0.743664 0.052402 0.021889
1 0.567686 0.827189 0.043668 0.016129
1 0.780568 0.826613 0.054585 0.021889
1 0.568777 0.911866 0.041485 0.014977
1 0.786026 0.913018 0.052402 0.021889
1 0.346070 0.327765 0.028384 0.010369
1 0.351528 0.414747 0.021834 0.011521
1 0.350437 0.494816 0.024017 0.010369
1 0.343886 0.577765 0.028384 0.012673
1 0.353712 0.662442 0.026201 0.011521
1 0.359170 0.744816 0.024017 0.010369
1 0.361354 0.830069 0.024017 0.012673
1 0.360262 0.913594 0.030568 0.011521
