1 0.485685 0.517182 0.022495 0.044674
1 0.579755 0.517182 0.020450 0.044674
1 0.674847 0.518900 0.024540 0.044674
1 0.764315 0.499141 0.019427 0.046392
1 0.855828 0.495704 0.022495 0.042955
1 0.487730 0.736254 0.024540 0.053265
1 0.578732 0.730241 0.024540 0.054983
1 0.673313 0.734536 0.025562 0.053265
1 0.761247 0.725086 0.023517 0.051546
1 0.852249 0.725945 0.025562 0.049828
1 0.079755 0.221649 0.026585 0.058419
1 0.147239 0.230241 0.022495 0.058419
1 0.204499 0.220790 0.024540 0.053265
1 0.262270 0.219931 0.027607 0.054983
1 0.076687 0.342784 0.020450 0.039519
1 0.145706 0.349656 0.019427 0.036082
1 0.202965 0.349656 0.021472 0.042955
1 0.261247 0.347938 0.023517 0.049828
1 0.324642 0.353093 0.017382 0.039519
1 0.323108 0.217354 0.022495 0.049828
